2456784.471990   18.944695    0.027383 -0.242     2.679 0
2456784.476364   18.976622    0.025373 -0.132     2.581 0
2456784.480708   18.594748    0.018693 -0.154     2.718 0
2456784.484940   18.471004    0.021103 -0.349     2.676 0
2456784.489297   18.363495    0.016802 -0.233     2.880 0
2456784.493522   18.443390    0.018161 -0.243     2.888 0
2456784.497886   18.268200    0.017850 -0.364     3.025 0
2456784.502093   18.148296    0.015756 -0.347     3.116 0
2456784.506479   18.027699    0.014458 -0.375     3.364 0
2456784.510678   18.004862    0.012513 -0.267     3.339 0
2456784.523347 -999.000000 -999.000000 -0.102     2.639 1
2456784.527546 -999.000000 -999.000000 -0.124     2.858 1
2456784.531911 -999.000000 -999.000000 -0.148     2.950 1
2456784.536130 -999.000000 -999.000000 -0.108     3.039 1
2456784.540330 -999.000000 -999.000000 -0.094     3.097 1
2456784.544559 -999.000000 -999.000000 -0.097     3.321 1
2456784.548931 -999.000000 -999.000000 -0.107     3.441 1
2456784.553131 -999.000000 -999.000000 -0.110     3.649 1
2456784.557361 -999.000000 -999.000000 -0.107     3.491 1
2456784.561586 -999.000000 -999.000000 -0.104    3.620 1
2456784.565785 -999.000000 -999.000000 -0.110    3.809 1
2456784.570008 -999.000000 -999.000000 -0.098    3.892 1
2456784.574229 -999.000000 -999.000000 -0.102    3.926 1
2456784.578608   19.652967    0.040650 -0.101    2.515 0
2456784.582808   19.491253    0.035946 -0.110    2.480 0
2456784.587035   19.415806    0.034144 -0.111    2.369 0
2456784.591257   19.318708    0.031127 -0.109    2.462 0
2456784.595463   19.168156    0.027186 -0.108    2.506 0
2456784.599685   19.158506    0.027148 -0.114    2.522 0
2456784.603891   19.207058    0.027785 -0.098    2.564 0
2456784.608090   19.000868    0.023305 -0.113    2.728 0
2456784.612284   18.945545    0.022498 -0.123    2.796 0
2456784.616507   18.830105    0.019803 -0.109    3.069 0
2456784.620859   18.616632    0.017030 -0.114    3.149 0
2456784.625083   18.529930    0.016038 -0.127    3.362 0
2456784.629291   18.493458    0.015521 -0.120    3.427 0
2456784.633496   18.579441    0.016681 -0.119    3.485 0
2456784.637690   18.499771    0.015442 -0.114    3.413 0
2456784.641889   17.977865    0.010790 -0.141    3.791 0
2456784.646113   18.133577    0.012197 -0.141    3.817 0
2456784.650338   17.988890    0.010830 -0.142    3.877 0
2456784.654563   18.129286    0.012009 -0.134    4.113 0
2456784.658794   17.886757    0.010245 -0.152    4.217 0
2456784.663017   17.816059    0.009802 -0.159    4.418 0
2456784.667223   17.803598    0.009874 -0.178    4.279 0
2456784.671431   17.768900    0.009523 -0.171    4.551 0
2456784.675630   17.872032    0.010245 -0.157    4.832 0
2456784.679829   17.595160    0.008748 -0.195    4.935 0
2456784.684037   17.803118    0.009835 -0.162    4.872 0
2456784.688260   17.576294    0.008685 -0.188    5.010 0
2456784.692460   17.534323    0.008801 -0.210    5.298 0
2456784.696684   17.558432    0.008559 -0.187    5.190 0
2456784.701040   17.613861    0.008855 -0.179    5.207 0
2456784.705236   17.464691    0.008383 -0.213    5.494 0
2456784.709462   17.418518    0.008228 -0.212    5.542 0
2456784.713668   17.467577    0.008510 -0.213    5.579 0
2456784.717914   17.623259    0.009140 -0.172    5.216 0
2456784.722131   17.529264    0.008850 -0.205    5.597 0
2456784.726333   17.450546    0.008758 -0.220    5.748 0
2456784.730564   17.311619    0.008164 -0.244    6.036 0
2456784.734762   17.399996    0.008552 -0.229    5.822 0
2456784.739113   17.539175    0.009236 -0.206    5.923 0




















































































































































































































































































































































